730
-9.499999999998805	17.320508075689464	-1
-19.5	2.4492935982947065e-15	-1
-9.500000000071665	-17.320508075647396	-1
10.500000000009017	17.320508075683566	-1
20.5	0.0	-1
10.499999999958174	-17.320508075712922	-1
0.04	-0.032116373848031475	1
1.0	-0.0	1
0.5000000000929757	20.0	-1
2.3692435746399547	10.040481089357314	-1
-3.849059365602692	6.2124403579647165	-1
0.0024999999999999467	0.008677165267229267	1
-4.730612519847591	1.3676474439152084	-1
-2.7973689194673517	-0.8106557476520484	-1
-1.6557501400011339	0.481741077852613	-1
-0.0053064637088986455	-5.347164107019906	-1
1.1281508404910887	5.106017260960716	-1
-0.9816082570465388	-0.28751235735655356	-1
1.3724169871576826	-2.8381017371712765	-1
-0.5835293069764309	0.17282082567238932	-1
0.21147712168185795	2.6655051080956764	-1
-0.05624824146430618	-1.8042543526325086	-1
-0.34848365587601887	-0.10510122950771356	-1
1.1879087732915987	1.5049730199544464	-1
1.1602478808800607	-1.305114546204155	-1
0.005472286976861751	1.2531114489467394	-1
-0.20973238198307337	0.06512524955923776	-1
0.040000000000000036	0.03211637384803148	1
0.30104650631038843	-0.9682908504008366	-1
0.24	-0.058672409119785184	1
0.7340152703463317	0.8405165794072454	-1
0.9391412872125496	-0.6780787658784413	-1
0.13609319441098647	0.6604648322005772	-1
-0.12787673883524442	-0.0415416134791006	-1
0.015457256609892889	-0.5473794734787163	-1
1.0456038020147087	0.47677573899418907	-1
0.4857126451048787	-0.5242181176527425	-1
0.32	-0.05937100854029884	1
0.5269381977308808	0.4728125684260594	-1
0.6399999999999999	0.04134025196611799	1
-0.07966895462962381	0.02765234701909465	-1
0.0	-0.0	1
5.133789485448479	-0.1548298396952424	-1
1.027257335140512	-0.3442168607904734	-1
0.84	-0.02063447109616423	1
-0.02751357094627252	0.3639631946520275	-1
0.7290831118959338	-0.33200430984853496	-1
0.2546099522834025	-0.34857714426133823	-1
0.7696309039393661	0.3175301699125417	-1
0.2547427870298462	0.3414417781304244	-1
-0.007174759694519816	-0.28808542367893825	-1
-0.051404838530863334	-0.019509101146648604	-1
3.0694453874851613	-0.009315459726962794	-1
1.0127435043177866	0.2393499594142202	-1
0.4724127520816388	-0.28126741308366976	-1
0.48	-0.05342735255833971	1
0.4	-0.05738266105317275	1
0.4716144741198233	0.2666851759990437	-1
0.56	0.04797552639870181	1
0.8831746016158006	-0.21145468338812534	-1
0.1204488814913528	0.22641035358817457	-1
2.053341905450197	0.21631550516546832	-1
0.63460760523205	0.2123875601919964	-1
-0.035016562971033366	0.014787433685236051	-1
0.6337325336845719	-0.20224429847491998	-1
0.64	-0.04134025196611798	1
0.56	-0.04797552639870181	1
0.16851314122783087	-0.21378288072990492	-1
0.2	-0.056968557150769476	1
0.12	-0.04958592031491935	1
0.8376131719628371	0.17685591209887258	-1
0.8799999999999999	0.015836888828394183	1
0.34263194191155444	-0.20711758509687167	-1
0.3001657701537584	0.2033663787402799	-1
-16.82050807566159	-10.000000000047084	-1
0.9986100681868382	-0.13723152693732055	-1
1.56414822439028	-0.07433670483805867	-1
0.7529870609288549	-0.15694712570532385	-1
0.76	-0.029572501801029275	1
0.0266265374375084	-0.16198331030412597	-1
0.08	-0.04283825510042919	1
0.9559670896542878	0.1293016819557643	-1
0.9199999999999999	0.010808842107040544	1
-0.024898676914359114	-0.011872343979936407	-1
0.0025	-0.008677165267229357	1
0.5074437281029575	-0.1683876104871233	-1
0.52	-0.05086587142881528	1
-0.01596334103876392	-0.09270374599685009	-1
-9.94108312683521	-5.203672296029171	-1
0.02980064150698125	0.15014171648396296	-1
0.42482409889179334	0.16579188418790908	-1
0.48	0.05342735255833971	1
0.5474697188807608	0.15279546978625264	-1
0.7101143048031042	0.13873426847234985	-1
0.2581989257893404	-0.15579144108794757	-1
0.21592270485983053	0.15353995206366974	-1
0.8714631519875798	-0.11381008680123063	-1
0.4237685298301164	-0.14187751776994337	-1
0.44	-0.05561707957260453	1
0.13056585185777198	0.13606931852121837	-1
0.13060521850116757	-0.13571778805481702	-1
0.16	-0.054065377677311136	1
0.5866559745832503	-0.1299899066688693	-1
0.6	-0.04479110070446829	1
-0.016623768345496545	0.009488239173233446	-1
-0.008656288414649552	0.07171135621695073	-1
0.6270348171380811	0.12460871309492902	-1
1.2775589920309693	-0.07143402277763254	-1
0.7888395418501154	0.10846648830709538	-1
0.76	0.029572501801029275	1
0.6672653922116187	-0.11812136252145251	-1
0.68	-0.0376442209529301	1
0.8693957337292586	0.09657291905355089	-1
0.8400000000000001	0.02063447109616418	1
5.592131718611469	-6.787926979466079	-1
0.3413623644911713	0.13567719594360814	-1
2.3513733528228955	-0.8423025703433146	-1
-0.4931922813573044	0.8143093916575763	-1
-1.2301508874138896	2.15455366352606	-1
0.3412919724361746	-0.1317161647205296	-1
0.33920216626696564	-0.05910615517271842	1
0.33010403407156996	-0.09570308908744984	-1
0.2894277828453414	-0.09913414496801742	-1
0.2485584952257586	-0.09863859976946628	-1
0.2074731968998012	-0.09738782848794714	-1
0.16605802013855256	-0.09509897499094083	-1
0.1240736569360992	-0.0915247689134103	-1
0.08088982496632044	-0.08632491958672467	-1
0.03392057956859794	-0.07922810708078551	-1
0.9494848698481289	-0.0801263970422244	-1
0.9549861750424495	-0.042865607006509265	-1
0.9403602512263033	-0.008156628550625638	1
0.96	-0.005536095996830172	1
0.9804096552289417	-0.002745600774247654	1
0.995695125155089	-0.04054703967392375	-1
1.1388999367838086	-0.03524903524865865	-1
1.2723424260790892	0.19233612079610612	-1
1.646901601064275	0.7235039761939963	-1
3.3255658515063	2.234989302162553	-1
17.82050807576402	9.999999999869669	-1
10.678932578657596	5.919819350709611	-1
2.747526406594888	1.1890534935340487	-1
1.0669167887153168	-0.027606592153686053	-1
1.1191953569690156	0.1219772037677547	-1
-16.820508075717523	9.999999999950202	-1
0.7873668919982321	-0.09495962645308048	-1
0.7800019561305641	-0.027418516161056616	1
0.7736396604029223	-0.06228438999301835	-1
0.7339756819390543	-0.07211937660275844	-1
0.6997752593008284	-0.03573133317110094	1
0.6936652254994814	-0.07574021817155312	-1
0.6596708177605333	-0.03955220599029797	1
0.653386806302129	-0.07951619274054562	-1
0.6195785233507255	-0.04313386461969029	1
0.6130982700615258	-0.08305498043672147	-1
0.5795001672600093	-0.046457971994080735	1
0.572794386734782	-0.08633522794914927	-1
0.5394352877257897	-0.04950025087361614	1
0.5324684954152951	-0.08933272919647775	-1
0.4993817026793191	-0.05222977651957764	1
0.49211223618696226	-0.09201652393662792	-1
0.451715504864942	-0.09434792349806095	-1
0.4112661465815479	-0.09627938414080477	-1
0.37074919192152217	-0.09775300147217211	-1
0.989088108525819	0.06843243337773425	-1
0.96	0.005536095996830172	1
0.9804096551557102	0.0027456007843864607	1
0.9948138858902673	0.03425924268237195	-1
1.0670155430337873	0.06392303286073572	-1
1.518457766037329	-0.6524183774317116	-1
-0.005762536279238525	0.039719155855027104	-1
-0.10399425880726806	-0.1945520190061116	-1
-0.2472043359123992	-0.4396706973272981	-1
-0.37171026848740607	-1.1174155892495028	-1
-1.7357590918938144	-2.1597817654877787	-1
-5.662073694061793	-4.1571014474021055	-1
-0.11256429436316605	0.17130431118708264	-1
-0.3476705577753887	0.28890763732170893	-1
3.999081494589288	-1.5367018519255806	-1
17.820508075668258	-10.000000000035529	-1
7.577600186852683	-3.3183484099334875	-1
-1.293779346375306	4.623300801202631	-1
0.4633085719514496	0.11496028765880065	-1
0.4512510221750744	0.08544707584989429	-1
0.4593360858501754	0.05460804338685002	1
0.43999999999999995	0.055617079572604554	1
0.41929434287558043	0.05658770755822578	1
0.41131819989899043	0.09754277200131857	-1
0.3999999999999999	0.05738266105317276	1
0.3707499322065527	0.09777894445278904	-1
0.3600000000000001	0.05866016279299493	1
0.33013127451452573	0.09767805213497234	-1
0.33920216625679367	0.059106155172897114	1
0.32000000000000006	0.05937100854029885	1
0.29913796560483763	0.05948516125825906	1
0.2894281301945053	0.09903652668269775	-1
0.28	0.05941706465115718	1
0.25904723709877864	0.059135048920390995	1
0.24855851347307026	0.0986378487171237	-1
0.24	0.058672409119785184	1
0.21891012911600227	0.05790665894119592	1
0.20747319713818033	0.09738782366445292	-1
0.19999999999999996	0.05696855715076947	1
0.17868933881610416	0.05559067833091888	1
0.16605802014137797	0.09509897496088993	-1
0.15999999999999992	0.05406537767731112	1
0.1383050959233747	0.051864614514485714	1
0.12407365693590504	0.09152476891385322	-1
0.1200000000000001	0.04958592031491938	1
0.09755279159552521	0.046147471686992105	1
0.08088982496660296	0.08632491958634401	-1
0.08000000000000007	0.04283825510042921	1
0.05570588558745282	0.037015843428738385	1
0.03502314420977777	0.07569369303303855	-1
11.799959253692059	-8.03747804050349	-1
-0.006479683420366434	-0.05074582529847258	-1
-0.011464410126381948	-0.008001763446362324	-1
-0.012464240498156578	-0.029781046995781397	-1
-11.226522829195737	5.0522357661576045	-1
0.04110213026285	-0.05620671431839536	-1
0.05570588558799186	-0.03701584342888822	1
-0.7478143667492861	8.20115982226319	-1
-0.038219070924685884	-0.0484695193186791	-1
-0.08736797849520783	-0.10091390789681055	-1
-0.1941322757815879	-0.13025208396655555	-1
-0.0835598843778178	-0.05163136196517031	-1
-0.2347660186157401	-0.28254332454662556	-1
-0.5183868958795255	-0.33914768880412205	-1
7.343609477125943	3.3961932095554737	-1
12.376614034035143	0.21023721881086965	-1
-0.5131691544449812	-0.7411200148478149	-1
-1.3384010248064926	-1.2660819924566238	-1
1.0413151882721008	0.023776387375537306	-1
0.04167192092795644	0.05438017639371952	-1
0.5435950600964149	0.09917337631329626	-1
0.5314738922272508	0.0751776998025949	-1
0.5394352877224384	0.04950025087385807	1
0.52	0.05086587142881528	1
0.5029733867971994	0.10463371498173756	-1
0.7048666743592165	0.08526702891143462	-1
0.6922906636526528	0.06153012318809312	-1
0.6997752593134512	0.035731333169862343	1
0.6799999999999999	0.03764422095293012	1
0.6602682038648853	0.0936957801336771	-1
1.0934781142889407	-0.1202500610935236	-1
0.18398654309266935	-0.14652861484741375	-1
-3.897313408161307	-2.7684343858707523	-1
-6.592192043278155	-1.1593897737842092	-1
-3.03017793578081	-5.686105506349061	-1
0.26851712987970894	0.14765298473301622	-1
0.8253811393647713	0.06995218505035262	-1
0.8	0.025211311562171167	1
0.8201114018880675	0.0229373087549746	1
0.832780644120781	0.04532002812798763	-1
0.49527032322479014	0.15638633866137647	-1
0.5259139501140603	0.22064465309385428	-1
0.5859469266282027	0.3464868508538457	-1
0.9059055679617226	0.06030387649645206	-1
0.9002935678019739	0.013315554845501008	1
0.913142166169234	0.0356102886386224	-1
0.9479987060039018	0.05923235581252277	-1
0.940360251228237	0.008156628550370654	1
0.9535749884707038	0.032289379009967346	-1
0.8576898505331215	0.0662302434039384	-1
0.8602099902486993	0.018238586222361353	1
0.8732539979272974	0.04298555107330783	-1
0.7122143683731313	-0.05810199091117049	-1
0.72	-0.033718354955745676	1
-0.5991086631814728	0.5021198703403553	-1
-1.1344860670098096	0.8578189522149778	-1
-1.1106748785766536	0.31289927623133296	-1
-1.9573129350427205	1.4490121573092312	-1
-3.0880213684646654	3.3418632202218896	-1
-3.0623743668773193	0.5738467953866138	-1
-4.563537698065227	-0.43110191823721933	-1
4.239266136227732	1.0473347128746437	-1
6.252946948550359	1.6118154124356243	-1
9.325787773929672	0.9591184839310416	-1
0.6720290960987295	-0.06197149280405624	-1
0.7179809646562397	-0.1202483373466389	-1
0.6931320882579644	-0.17899621915717556	-1
0.7517823792236631	-0.24594325389011332	-1
0.8402074242699742	-0.3152901229757448	-1
0.8137845620912771	-0.5173798840186837	-1
0.6549537651382262	-0.7705224551785184	-1
0.6318421972622371	-0.06561109954217788	-1
0.8654805892272251	-0.0639302729579517	-1
0.8728827655531373	-0.03992659292344658	-1
0.8602099902002587	-0.0182385862281722	1
0.88	-0.015836888828394183	1
0.9089911276630839	-0.06420474098738448	-1
0.9002935677541063	-0.013315554851519371	1
0.9133534536219876	-0.037271317554727665	-1
0.92	-0.010808842107040544	1
0.7006475535353767	0.4770101284374374	-1
0.5916510797642844	-0.06900372767313764	-1
0.085006679393287	-0.06448824438119719	-1
0.09755279159514675	-0.0461474716869272	1
0.08500667939353176	0.0644882443809743	-1
-8.53817921986242	2.2233493215335023	-1
-13.780152579418822	-0.06636105357100552	-1
-0.8706652797739907	-1.0902484671220845	-1
-0.8413426760522914	-1.8782796889313227	-1
-0.2849130547223979	-3.5793633235952864	-1
0.5514518113091893	-0.07212746173942398	-1
0.51123915802229	-0.07495373963672158	-1
0.471006662505936	-0.07744560952755968	-1
0.45933608583039454	-0.0546080433879307	1
0.3904508824365303	0.08125616306751307	-1
0.3792516637831247	0.05811081264409354	1
0.4307464958515322	-0.07955343214376742	-1
0.41929434287973816	-0.056587707558042814	1
0.3904499190006504	-0.08122871032552598	-1
0.37925166378945063	-0.05811081264389254	1
0.26920488216642846	-0.08295703280599949	-1
0.25904723708911054	-0.059135048920207704	1
0.28	-0.05941706465115718	1
0.26920541635987827	0.08291734450175045	-1
0.9010471439827998	-1.0440130095590583	-1
0.5797097695436528	-1.622218727573357	-1
0.49876561135107206	-2.5413393358427716	-1
0.2285936379013332	-0.08201447395478222	-1
0.21891012911776359	-0.057906658941271796	1
0.228593648998748	0.08201416829121505	-1
0.18780295574269476	-0.08012419469773718	-1
0.17868933881538826	-0.0555906783308664	1
0.1878029558702906	0.08012419272997262	-1
0.6091101765181959	0.6686974156890056	-1
0.36718375736650877	0.9758773290584062	-1
0.5515437487000188	1.5909967672278655	-1
0.9734930583271928	2.3156050290601877	-1
1.150267568504273	3.7052994006454645	-1
3.2305169414631334	4.438679173701404	-1
2.138490830977636	2.190079087563353	-1
2.9708315795551816	7.265863784977157	-1
7.362333542218185	9.670548405980092	-1
0.3500972524031165	0.08202087735914218	-1
0.014677414550695697	0.05765301340846256	-1
0.30969571724087075	0.08258949762145971	-1
0.146715349731857	-0.07699065351691409	-1
0.1383050959236362	-0.05186461451451534	1
0.14671534973294778	0.07699065350482331	-1
1.0648041737567673	-0.23354519604119073	-1
1.3413938733181985	-0.38908690660978956	-1
1.1885287717466861	-0.33722538169493793	-1
1.1856914485862986	-0.5968090757280051	-1
-0.7662913758748837	1.536878135262408	-1
0.9732366280889921	-0.026315407907147752	-1
-0.04196686985761433	0.05257138141170181	-1
-0.059868022015477015	0.1222822632838378	-1
0.3500805056753691	-0.08123993180530219	-1
0.36	-0.058660162792994935	1
-4.435714245587796	10.539708981012504	-1
0.30969144574183477	-0.08180885855819747	-1
0.2991379655963895	-0.05948516125826658	1
0.7923598373619863	-0.047687002213159746	-1
0.8	-0.025211311562171167	1
0.8225743022370796	-0.045421400999316144	-1
0.8201114018392339	-0.02293730876056267	1
-6.010727611550749	4.103175443542669	-1
-7.611262258236405	7.905793554627024	-1
0.7521906771161971	-0.05202826743267668	-1
0.7398876588411379	-0.0316841607840543	1
1.2065694247329493	-2.0798794855993736	-1
2.5578307619448024	-2.181564445695553	-1
3.33052277533215	-4.975135041649793	-1
0.47434504207419675	-0.1353077286959123	-1
0.4553927978381084	-0.18736943769644854	-1
-0.035319642073050765	0.20150452002820568	-1
-0.11313894898840227	0.2866605815948424	-1
-0.228367968845549	0.5003691149614258	-1
0.12679187375979464	-0.06968892112487927	-1
0.1267918737599844	0.06968892112226588	-1
-5.929441096245432	-7.646985890711939	-1
5.992747421070643	-2.016965154645146	-1
5.247414807544175	15.006436202959808	-1
-0.0700315178243599	1.9853443234654686	-1
8.118785028394269	-1.0435560963989845	-1
10.987126096816421	-2.927720744008816	-1
-0.23097377201546426	0.22839401335827514	-1
-0.35653097670360284	0.1290427833972865	-1
0.06059658343014765	0.07119263615276061	-1
0.05294613161654465	0.10262565124197309	-1
0.08736791944370714	0.12953180291621905	-1
0.010585392958765337	0.11138658345487792	-1
0.10203397645531498	0.1786111347887489	-1
0.04008252782230853	0.22992509195559888	-1
0.08500987825493947	0.3366457639218917	-1
0.06642895037866245	0.5055157529223612	-1
-0.08381972821387196	0.6662015908754877	-1
0.03357803564517309	0.9485881235703244	-1
-0.019447525121702374	0.15041839482409833	-1
-0.08611638838670865	0.07838803804789601	-1
-0.14506644980279107	0.04511921969063577	-1
-0.1976539998861432	-0.010347104541672154	-1
-0.31531621378182095	0.009525239628197658	-1
-0.5037516976008747	0.0019377222832541756	-1
-0.8074860029328828	-0.03579828347770224	-1
1.1933548824530553	-0.2058040590616371	-1
0.6620771149658042	0.061971647031491335	-1
0.6596708177422959	0.03955220599198253	1
0.6283253485998695	0.07596075885193612	-1
0.6195785233245314	0.04313386462194892	1
0.06099457541659068	-0.07126766932806591	-1
0.05477990930088897	-0.1001516418840103	-1
0.08715966798475094	-0.12973058235436655	-1
0.09975819265490941	-0.1989333835653126	-1
0.10968868751930015	-0.31955057188459673	-1
0.017275998372748423	-0.11668104166191746	-1
-0.03242763663195545	-0.1505561629137581	-1
-0.014927955510440568	-0.21842597719457713	-1
3.926160995027072	-3.306736285934499	-1
5.360750136980469	-4.759426035684718	-1
0.16781341403765063	-0.07359032929657217	-1
0.16781341407340927	0.07359032886291003	-1
1.143798001880268	-0.8843336893466405	-1
1.0943443063689733	0.018128681178584592	-1
1.1876218664446085	0.050704973361717844	-1
-2.2992357102240417	2.5289060953291758	-1
-3.5770099794523413	2.078268594237636	-1
-4.677521249424708	3.230559105438486	-1
0.5014309902805131	0.07449290631554628	-1
0.49938170271370774	0.052229776517378604	1
-9.562746575834218	-9.097472814627498	-1
0.372809411364145	0.6526458817148658	-1
-0.37518952881942097	-2.621913335098113	-1
-1.3285397547634692	-3.194784257539784	-1
-1.2687989869890033	-4.640993534912972	-1
-1.419439067208107	-6.393937909268723	-1
-2.6343952933487316	-3.110959100210279	-1
-3.6283326371454794	-4.27618539610442	-1
-6.211245660078891	2.342056484748671	-1
-4.724631049605942	-5.573129753620551	-1
-6.659678927936862	-5.835856819703438	-1
-7.99014002415324	-3.9094338829523627	-1
-10.777362195712637	-1.8255088393885033	-1
-14.364435324110442	-4.50609839713276	-1
-8.105628835596494	-7.471634895418863	-1
0.20853051206849554	-0.07607461220309886	-1
0.2085305154120704	0.07607454478574886	-1
-0.2787178523543864	1.0733236741822292	-1
-0.3446976068295098	1.4921209775021773	-1
-0.6545443919864978	1.1662194891668924	-1
-1.3992439483409838	3.385389065024462	-1
0.24907278910271458	-0.0774647245453454	-1
0.249073002155314	0.07745595320683177	-1
1.0318100880485621	0.13112466690976537	-1
7.450510992870112	-5.548503600800307	-1
8.384287831235197	-8.961528976393003	-1
14.642135623726764	-14.142135623735136	-1
11.064508569121438	-12.09383756318607	-1
0.49999999985561405	-20.0	-1
1.9265049671332968	-9.435526583850502	-1
-3.279818195062412	-8.440794988519741	-1
-6.007625974370387	-12.72689446805154	-1
5.517191991907244	-14.127661054710387	-1
0.5551626259462796	-7.582920117137901	-1
-0.8970627802300342	-10.09174405820047	-1
1.3971580476170844	-13.560578590985248	-1
-7.194391409717679	-9.75418145138121	-1
-13.642135623726338	-14.142135623735562	-1
-9.165661134492865	-12.264397597464521	-1
0.4708153245511957	0.07409689944947861	-1
0.4305894479707829	0.0762032510489818	-1
-8.795667802641027	12.5649957358219	-1
-13.642135623786134	14.142135623675767	-1
5.841260492332964	6.1040025211016955	-1
-0.007160322036973343	0.00676170175661212	-1
-0.0075241070506578515	0.02328549891405167	-1
0.009666436881319962	0.01668617572286549	1
0.018791575864809618	0.02281687960168093	1
0.006502960539545025	0.0312512254811966	-1
-0.025756906764185367	0.03355116733347979	-1
0.022146446518339063	0.04087410011607172	-1
0.3912629225767632	0.13697244038089038	-1
0.3669226672333822	0.19926871721576986	-1
0.33915352960219564	0.2927014235799729	-1
0.37176713149335355	0.44664647044015615	-1
0.6113917328686818	0.06289401584827486	-1
0.6000000000000001	0.044791100704468276	1
0.5966821495972544	0.0994624237352291	-1
0.58179138020082	0.06888508150382609	-1
0.579500167266009	0.04645797199360345	1
0.020981585138926423	-0.4162625699810117	-1
0.1684271929317026	-0.48814970291682624	-1
0.17935353111801414	-0.743517648506658	-1
-0.14954875046137064	-0.8518074925137717	-1
9.808427578922307e-05	-1.2026908793155349	-1
-0.1088781918778862	-0.4764660373657629	-1
-0.2299527034633908	-0.6532210486167646	-1
0.1572321322909912	0.18479257942746308	-1
0.20477182689415416	0.26387388323668715	-1
0.2895035084292514	0.07785212227081456	-1
-0.14462075607049762	0.40760528111102623	-1
0.4996384664006175	-0.22784097120987928	-1
0.5837319966886517	-0.3043446348281298	-1
0.5649941444577669	-0.20618207894353713	-1
0.5055827205647682	-0.40129097515495826	-1
0.649055603972654	-0.4875515676899216	-1
0.36605061372616005	-0.44180633683641446	-1
0.32715805108618023	-0.6263590134788617	-1
1.3641593614570655	-0.2192714938864693	-1
1.6024642688408717	-0.3376523766602237	-1
1.942278406600882	-0.1537591643154469	-1
2.511147034396468	-0.12277990082917654	-1
1.9658468979181152	-0.6032270178887156	-1
1.8271393402345486	-1.257285180604455	-1
2.6700119219331913	0.5258075283057793	-1
3.479064883286615	0.7130747127616583	-1
4.0992322538628025	-0.11591011396887518	-1
0.1045404604366437	-0.07800608432298774	-1
0.10059731273570248	-0.10457468837150255	-1
0.10454046043743051	0.0780060843219974	-1
0.10059731273580265	0.10457468836841724	-1
19.818516525753747	-5.1763809021534835	-1
15.642094431356835	-3.1123293027571877	-1
0.37014963669456097	0.07674192937143323	-1
0.28950406399583895	-0.07769598386360027	-1
4.9145945835615965	2.512182849007279	-1
0.4104042034392807	-0.07535913329389922	-1
0.4506254947638653	-0.07346014049231242	-1
0.5880052164454641	0.140827501502931	-1
0.5821421936274568	0.19560027923302545	-1
0.5869445202370798	0.27097044008731797	-1
0.6743019463621661	0.30988925156407776	-1
-0.5739137885206809	2.592230408866816	-1
-0.283095040423108	3.720827745818273	-1
1.0243206222954842	0.056769424849135296	-1
-0.09869441605817725	0.5332530119594001	-1
0.3701451808629975	-0.07658577717483432	-1
0.49082299845493993	-0.07115135830518686	-1
-1.2705723289834898	-0.7364834864048677	-1
-2.027406223549878	-0.9086943173067502	-1
-1.6378687648827839	-0.18261016932286867	-1
-2.385129881971685	0.12969315837607537	-1
-2.5171439055359723	-1.6823968413166748	-1
-3.710969148612112	-1.5852468943300546	-1
-5.237134927522923	-1.9511535512863802	-1
14.642135623847006	14.142135623614895	-1
0.5310034531863053	-0.06848248851838691	-1
-0.15860127614936195	0.11588387687765475	-1
-0.23776348534596398	0.14449452412462763	-1
0.32984964061750816	0.07725927865614594	-1
0.5711724190930938	-0.06549337858484879	-1
-0.5135858907470603	1.9092611044499441	-1
-6.654797406040348	-2.8219673163056416	-1
-8.499786938558891	-1.920025627093851	-1
0.6226802952326782	0.1692004633820455	-1
0.6747887870141839	0.17804984017508801	-1
0.7564830818688729	0.21592516562418163	-1
0.6947351409948245	0.24206897909254352	-1
0.6113343497637321	-0.06221609389763247	-1
2.895910417084413	-0.5857191895187759	-1
2.9627111735434593	-1.4336046213362788	-1
3.542575089765161	-0.4660827533926693	-1
4.162681240062128	-0.8343082475513837	-1
5.082180807629069	-1.4187251880705736	-1
4.938896232428686	-2.6289108968336174	-1
6.129592277468468	-3.4660381900999955	-1
6.121970820426826	-0.8281816222408145	-1
-12.30715126702296	-11.049937203888131	-1
0.651492482440501	-0.05867618081388113	-1
0.7438419625591577	0.06871343263017295	-1
0.73184301792648	0.05126900981581438	-1
0.7398876588700012	0.03168416078106301	1
0.72	0.033718354955745676	1
2.690451892762966	3.31149049850527	-1
0.4103803574120115	0.07478036561896192	-1
0.684871333358286	-0.24539761753341305	-1
1.1228657729041698	0.06620116836875534	-1
0.6916487179923382	-0.05489374760771573	-1
1.0174353002734504	0.09501776301935663	-1
0.992727234229378	-0.019370615547402874	-1
1.0299542896520055	-0.02229704398021148	-1
1.0401402965542004	-0.08269927376443363	-1
0.7218163529245386	0.07101461456791158	-1
0.7365814581816109	0.10577891731632919	-1
0.7604017254589258	0.15201533425574806	-1
0.01643149447776561	-0.061141523309741694	-1
0.9727485925465553	0.022745920915668395	-1
0.9734792672120749	0.048246322045724474	-1
0.9325973227507908	-0.02803883571026672	-1
0.9324986747142302	-0.052505089089095416	-1
-1.047406384082926	1.2499527779827138	-1
-1.5449700153829635	1.1547092194290343	-1
-1.2078317750665917	1.6883033320799292	-1
-1.6880348672166015	1.8989756764982664	-1
-1.7146572051386149	2.4846241784941823	-1
-2.272613372302028	1.9432575933332605	-1
-2.7375543213068574	1.2989571715307926	-1
-2.904400145227197	2.207967256025876	-1
-2.0441832563610096	0.8912847542949742	-1
-1.9637176808110355	3.077440834029137	-1
-2.1400338287606795	4.071949511506936	-1
-2.4946341137211414	5.541338524550301	-1
-2.4194150136577885	7.395455595117937	-1
-0.892476923516816	6.392649274800376	-1
-4.4056240047429425	8.340387172148812	-1
-2.4495052545026437	9.594777403981627	-1
-0.12185847476592482	10.701231867849879	-1
1.9762972976941726	13.585268785943676	-1
0.9657650826998514	7.154049748813132	-1
-2.5383419874898037	11.967978445709303	-1
-5.156219419341212	13.471266510443574	-1
-4.67638090195925	19.318516525805794	-1
-1.8798830454181727	16.145716284827273	-1
-3.574912534721528	1.2387514039755638	-1
-4.013382284491345	0.37076337869045284	-1
-1.1660605533318948	2.7692666443891256	-1
-0.7063371304674533	3.2281214513460394	-1
-3.281743126874416	4.573907990761191	-1
0.7962666654655017	-0.07199963242383763	-1
0.8307207666175177	-0.09855962809676502	-1
0.8277368510302962	-0.16857923128570174	-1
-12.70848633898483	-7.580801970660895	-1
0.6662556495531428	-3.482629139018218	-1
1.99694523528205	-4.2314597289701865	-1
1.8088054224887689	-6.136377127173866	-1
0.27866653731533597	-4.396236566809669	-1
1.148778753863374	-5.173940726285367	-1
0.39832253223171077	-0.19330457568226614	-1
0.3892976546819015	-0.2760902849370937	-1
0.42586920273782936	-0.3587255307658577	-1
-1.1227745838926093	-0.003779846424681918	-1
-1.454413034571065	0.16746214094501366	-1
-1.316463137126699	-0.27713003867060004	-1
-1.5666323037477317	-0.5340917397738714	-1
-2.022862329571669	-0.4435983709841196	-1
-1.6234310540470531	-0.9349124343501001	-1
-1.858083845208252	-1.4251168774967427	-1
0.8067775254152154	0.05093617098320749	-1
0.7800019561418734	0.027418516159823523	1
0.7731690767229128	0.05791453995153477	-1
0.796736851593442	0.07936717861486292	-1
0.8197979047509631	0.1012470427559516	-1
0.8131477381100687	0.14271726916633076	-1
0.793048682060683	0.18295713243311984	-1
0.8257466684241284	0.2559851061501831	-1
0.9114604925325875	0.3904927857154246	-1
0.8732075468094812	0.5973814446110586	-1
1.219547665320858	0.9089308588651044	-1
0.9176117567834423	0.22930716183479402	-1
1.0824873444520509	0.7130140410482846	-1
1.3678688731110074	0.5474594001914642	-1
1.6918607689130085	0.34308579588689914	-1
1.6121696953017173	1.228632680476271	-1
2.173036139072998	1.0134386216316056	-1
1.6894409041492608	1.8111166247253963	-1
0.967693107965519	0.939223311445048	-1
0.7066393191131074	1.2312835277462615	-1
1.1271550009780076	1.2028873078364122	-1
3.619615839427281	-6.931636103840765	-1
4.802289104000649	-9.555729687788887	-1
-0.07387094348742751	-0.2602476100056974	-1
-0.0805665994147587	-0.370106707978064	-1
-0.15614446881017277	-0.2582183862249022	-1
-0.17092347066668698	-0.34967092349885337	-1
1.5724201358556704	2.4053109896915954	-1
2.0886969033538336	2.9111316686508677	-1
1.1778106571802207	2.995705425808664	-1
1.9772792440597173	3.731006835306937	-1
0.8561265213964089	0.1377524443354359	-1
0.8932342624996672	0.1792551887145532	-1
0.9055111343061722	0.13093794774783116	-1
0.5254624666642017	3.3257158820334807	-1
0.43856643539490237	4.172764289946573	-1
-0.1498475160576569	5.328940587268696	-1
0.852260460886364	0.0376185133230634	-1
3.974152645640199	3.38941034943404	-1
5.645938060029295	4.238947728826604	-1
0.5510853908132912	0.06718536750618492	-1
0.008953177166434073	-0.08587174535537168	-1
-1.8362656462318547	0.14446613777520642	-1
-2.0641440276358782	0.4833756872037128	-1
-2.5466899074637395	0.7114316809152644	-1
0.7317632860726929	-0.05048949739847671	-1
0.8924003040738248	0.03271422526326311	-1
6.2282872971369505	0.3896252746445459	-1
7.722533796475695	0.9708202916041968	-1
0.932543558747018	0.027626105505650565	-1
0.8522395785011841	-0.037442364498974444	-1
0.5146774379978782	-0.12656906473934054	-1
0.5494387591472059	-0.1541169374788207	-1
-8.221506572429936	0.15441824794896997	-1
-10.782768357233389	0.8210896242392925	-1
0.8923851535156875	-0.032592282519337455	-1
0.889424304253624	-0.05431538706317671	-1
0.8871152581070304	-0.08318589266652215	-1
0.920150698098995	-0.11938240623904	-1
0.890722048240503	-0.16102481465400978	-1
0.955099945262382	-0.1964394725137368	-1
0.9381477155546878	-0.29501024006542265	-1
0.9209879774451664	-0.4313741185276246	-1
1.0638770098401475	-0.497231441976394	-1
0.32983512466886444	-0.07620685572377864	-1
-0.02272189707903869	0.2823160802014118	-1
-0.9298801911099726	3.848287086184102	-1
-0.4569699761256522	4.5432761478564965	-1
2.2482624612571667	1.6044745572483348	-1
2.7400783039689993	1.9997561051849733	-1
2.8150506646644318	2.6593984560003916	-1
3.461654749063801	2.917938501705945	-1
4.109577123106628	2.433795698104918	-1
3.241100940743155	1.598973590488334	-1
3.842238400864327	1.8427570828641422	-1
4.570882944920966	1.8691570790380942	-1
5.312702794584104	1.0920052124865005	-1
5.347209984418087	1.8675665935185335	-1
6.113378175480253	2.8492347637841777	-1
-0.8196110622881391	0.7509914677873396	-1
3.4136377630101764	-2.161260504305953	-1
3.0061276947830784	-3.0309914999783953	-1
3.2186412563579125	-3.9946676614196424	-1
4.272756318078846	-4.370999288715703	-1
4.42895346671752	-5.651450275926619	-1
0.24735991908086713	0.19651746972422385	-1
0.2665213261576516	0.255774837828564	-1
0.9298087773903302	0.04854521991371248	-1
0.9273050116374446	0.07363028584640754	-1
0.9566496870547749	0.09373630496105417	-1
0.9010572491244095	0.09193400301503458	-1
0.30579684984300093	-0.28231250822097503	-1
0.3390298333955753	-0.36088599585325115	-1
0.7529790115373654	0.04957973997896443	-1
-0.29993520382325956	0.7086649851235103	-1
0.009666436881325983	-0.01668617572287044	1
0.018791575864813382	-0.022816879601683045	1
0.004823926255399713	-0.03375035470090948	-1
-0.002891059472307729	-0.020711825602848986	-1
0.022777270748303963	-0.04229731416873829	-1

1338
63	40	51
83	63	51
104	63	83
110	102	64
119	94	72
122	119	121
122	94	119
123	94	122
124	94	123
126	100	125
130	132	131
134	130	129
136	35	53
136	107	76
143	136	53
147	146	78
148	145	147
152	110	150
154	110	152
154	102	110
156	102	154
158	102	156
162	97	161
163	97	162
163	119	97
163	121	119
167	166	7
183	185	184
187	182	90
187	183	182
191	189	115
195	191	115
201	198	95
204	95	99
204	201	95
207	204	99
216	84	41
216	104	83
217	216	83
218	144	1
219	220	6
222	83	51
222	217	83
222	87	215
222	215	217
223	87	222
224	223	33
224	171	223
225	222	51
225	40	33
225	51	40
225	223	222
225	33	223
226	224	22
227	226	22
227	172	226
229	139	140
229	4	139
230	227	17
230	172	227
232	167	7
233	27	212
235	237	236
238	235	234
238	234	92
240	242	241
243	240	239
243	93	106
243	239	93
244	135	142
245	125	100
245	94	124
245	67	94
245	100	67
245	124	125
249	198	195
249	115	73
249	195	115
249	95	198
253	252	113
254	238	92
254	90	182
254	57	90
254	182	238
255	254	92
255	57	254
256	38	57
259	258	82
262	261	165
263	112	250
263	250	253
265	264	71
265	257	263
266	150	148
266	267	149
268	19	177
270	269	14
270	19	268
274	12	247
277	140	228
277	229	140
278	152	150
278	111	151
279	150	110
279	145	148
279	77	145
279	148	150
280	110	64
280	279	110
280	77	279
281	77	280
282	281	46
282	59	281
283	282	46
284	31	283
285	154	152
285	65	153
287	289	288
292	293	291
294	38	256
295	156	154
295	103	155
296	297	80
298	211	209
300	218	1
301	173	230
302	301	231
302	231	174
302	173	301
302	21	173
304	158	156
304	66	157
305	160	158
305	86	159
306	161	160
306	55	307
308	309	188
308	187	189
310	162	161
310	98	311
312	163	162
312	56	313
314	123	122
314	316	315
317	197	196
317	195	198
318	284	28
318	31	284
319	318	28
319	24	318
320	319	21
321	124	123
321	29	322
323	200	199
323	198	201
324	125	124
324	68	325
326	203	202
326	201	204
327	38	294
328	327	30
329	25	328
330	329	23
334	16	332
335	9	334
336	192	190
336	189	191
337	233	213
337	105	170
337	213	105
338	194	193
338	191	195
339	126	125
339	101	340
341	206	205
341	204	207
342	244	75
344	342	43
345	169	343
345	343	344
347	133	132
347	132	130
347	130	134
348	170	105
348	40	63
349	348	105
350	121	163
350	351	120
353	122	121
353	37	354
355	356	146
355	146	147
357	356	355
358	357	44
358	356	357
359	218	299
360	359	10
360	218	359
361	148	147
361	147	78
361	78	362
363	320	18
363	319	320
363	24	319
364	363	18
366	161	97
366	160	161
367	366	97
367	85	366
368	176	349
369	176	368
370	268	177
371	339	340
371	340	69
371	126	339
372	341	207
372	208	206
372	206	341
375	335	3
375	3	8
375	9	335
376	330	20
376	329	330
376	25	329
377	374	180
378	377	180
378	277	377
378	229	277
379	176	369
380	379	177
380	177	19
381	298	210
381	213	233
381	211	298
381	212	211
381	233	212
382	381	210
382	213	381
383	382	210
383	89	382
384	382	89
384	105	213
384	349	105
384	213	382
385	383	99
385	89	383
386	385	60
386	368	89
386	89	385
387	386	60
388	387	49
388	45	387
389	388	32
390	389	32
390	328	25
390	32	328
391	384	89
391	368	349
391	89	368
391	349	384
392	349	176
392	40	348
392	348	349
393	33	40
393	40	392
394	393	26
394	224	33
394	22	224
394	33	393
395	394	26
395	22	394
396	380	19
396	395	380
396	227	22
396	22	395
397	396	19
397	19	270
397	227	396
397	17	227
398	135	244
398	107	135
398	244	342
398	342	344
399	240	243
399	242	240
400	399	39
400	242	399
401	399	243
401	243	106
401	39	399
402	39	401
403	220	219
403	80	220
403	296	80
403	219	128
403	127	296
404	403	128
404	127	403
405	404	79
405	127	404
406	405	79
406	67	100
406	100	405
407	406	50
407	47	67
407	67	406
408	404	128
408	79	404
409	408	87
409	223	171
409	87	223
409	79	408
410	409	171
410	406	79
410	50	406
410	79	409
413	324	325
413	325	101
413	125	324
413	339	125
413	101	339
414	341	205
414	204	341
414	326	204
414	205	203
414	203	326
415	345	31
415	31	318
415	169	345
415	318	24
416	232	142
416	142	135
416	168	232
417	416	135
417	136	143
417	107	136
417	135	107
420	419	272
420	12	419
421	235	238
421	237	235
422	421	91
422	237	421
424	328	32
424	327	328
424	38	327
425	320	21
425	21	302
425	303	320
426	302	174
426	425	302
426	303	425
427	303	426
428	427	248
428	15	427
429	426	174
429	427	426
430	429	246
430	246	175
430	427	429
430	248	427
431	420	359
431	247	12
431	359	299
431	12	420
432	430	175
432	248	430
433	432	175
433	373	432
434	433	175
434	88	433
435	88	434
436	435	300
436	1	74
436	300	1
436	88	435
437	88	423
437	433	88
437	373	433
438	321	322
438	322	68
438	124	321
438	324	124
438	68	324
439	326	202
439	201	326
439	323	201
439	202	200
439	200	323
440	390	25
441	440	25
441	25	376
442	441	346
442	440	441
442	117	440
444	314	315
444	315	29
444	123	314
444	321	123
444	29	321
445	323	199
445	198	323
445	317	198
445	199	197
445	197	317
446	53	81
446	143	53
446	168	143
447	412	114
447	378	180
447	214	378
448	447	114
448	214	447
450	179	214
450	449	179
450	214	448
450	5	449
453	428	248
453	432	373
453	248	432
454	2	451
455	5	450
455	451	5
455	450	448
456	15	428
457	428	453
457	456	428
457	453	454
457	452	456
458	451	455
458	454	451
458	457	454
458	452	457
459	437	423
459	453	373
459	454	453
459	373	437
461	459	423
461	2	454
461	460	2
461	454	459
462	183	184
462	184	91
462	182	183
462	238	182
462	421	238
462	91	421
463	186	185
463	185	183
463	183	187
464	218	360
464	144	218
464	465	144
464	0	465
464	360	352
466	334	332
466	335	334
466	140	335
466	228	140
467	216	41
467	104	216
467	41	11
468	467	11
468	104	467
469	468	11
471	337	170
471	468	469
471	170	468
471	469	470
472	468	170
472	348	63
472	170	348
472	104	468
472	63	104
473	471	470
473	233	337
473	27	233
473	470	27
473	337	471
474	189	187
474	187	90
474	115	189
475	474	90
475	90	57
475	115	474
475	73	115
476	475	57
476	73	475
477	57	38
477	476	57
477	388	49
477	32	388
477	424	32
477	38	424
477	49	476
478	402	401
478	479	402
480	478	401
480	401	106
481	480	234
481	478	480
481	479	478
482	481	58
482	479	481
483	407	50
484	483	34
484	407	483
484	47	407
485	484	34
486	485	34
486	230	173
486	28	485
487	486	173
487	319	28
487	21	319
487	173	21
487	28	486
488	34	483
489	488	172
489	230	486
489	172	230
489	34	488
489	486	34
490	385	99
490	99	95
490	60	385
491	387	60
491	49	387
491	60	490
492	317	196
492	195	317
492	338	195
492	196	194
492	194	338
493	379	369
493	177	379
493	370	177
493	369	45
494	367	54
494	85	367
495	494	54
496	495	64
496	494	495
496	64	102
496	85	494
497	495	54
498	497	36
498	284	283
498	36	284
498	495	497
498	46	495
498	283	46
499	47	484
499	36	497
500	484	485
500	499	484
500	284	36
500	28	284
500	485	28
500	36	499
501	344	343
501	398	344
501	76	107
501	107	398
502	501	343
502	343	169
502	76	501
503	76	502
504	61	503
505	503	502
505	502	169
505	504	503
505	116	504
506	415	24
506	169	415
506	505	169
506	363	364
506	24	363
506	116	505
507	504	52
507	61	504
508	507	52
508	141	507
509	508	52
509	275	508
509	42	275
510	297	296
510	69	297
510	371	69
510	296	127
510	126	371
511	510	127
511	100	126
511	405	100
511	127	405
511	126	510
512	372	207
512	210	298
512	208	372
512	209	208
512	298	209
513	512	207
513	383	210
513	99	383
513	207	99
513	210	512
515	4	229
515	514	4
515	229	378
515	179	514
515	214	179
515	378	214
516	336	190
516	190	309
516	189	336
516	308	189
516	309	308
517	353	354
517	354	316
517	122	353
517	314	122
517	316	314
519	310	311
519	311	56
519	162	310
519	312	162
519	56	312
520	306	307
520	307	98
520	161	306
520	310	161
520	98	310
521	480	106
521	234	480
521	92	234
522	255	92
522	92	521
523	522	62
523	255	522
523	57	255
523	256	57
524	523	62
524	294	256
524	48	294
524	256	523
525	376	20
527	232	168
527	164	167
527	167	232
528	388	389
528	45	388
528	493	45
528	389	370
528	370	493
529	312	313
529	163	312
529	350	163
529	313	351
529	351	350
530	305	159
530	159	55
530	160	305
530	306	160
530	55	306
531	230	17
531	301	230
531	231	301
534	273	13
535	532	13
535	429	174
535	246	429
536	535	13
536	13	274
536	246	535
537	274	247
537	536	274
537	175	246
537	246	536
538	140	139
538	335	140
538	3	335
539	304	157
539	157	86
539	158	304
539	305	158
539	86	305
540	392	176
540	393	392
540	26	393
541	176	379
541	540	176
541	395	26
541	380	395
541	379	380
541	26	540
542	338	193
542	191	338
542	193	192
542	336	191
542	192	336
543	295	155
543	155	66
543	156	295
543	304	156
543	66	304
544	441	376
544	525	118
544	376	525
544	346	441
545	537	247
545	434	175
545	175	537
546	545	247
546	435	434
546	434	545
547	521	106
547	522	521
547	62	522
548	106	93
548	547	106
548	62	547
549	548	93
550	524	62
550	48	524
550	549	48
550	62	548
550	548	549
551	285	153
551	153	103
551	154	285
551	295	154
551	103	295
552	504	116
552	52	504
553	552	116
553	506	364
553	116	506
554	553	178
554	552	553
554	509	52
554	52	552
555	554	178
555	42	509
555	509	554
556	555	178
556	42	555
557	556	178
557	374	556
558	447	180
558	412	447
558	180	374
558	374	557
559	556	374
559	374	377
559	42	556
560	461	423
560	74	460
560	460	461
561	278	151
561	151	65
561	152	278
561	285	152
561	65	285
563	241	565
563	240	241
563	565	564
567	308	188
567	187	308
567	463	187
567	188	186
567	186	463
568	281	280
568	280	64
568	46	281
568	495	46
568	64	495
569	417	143
569	416	417
569	143	168
569	168	416
570	266	149
570	149	111
570	150	266
570	278	150
570	111	278
571	168	446
571	527	168
571	446	81
571	164	527
572	347	134
572	7	133
572	133	347
573	572	134
573	232	7
573	142	232
573	7	572
574	573	134
574	244	142
574	75	244
574	129	75
574	134	129
574	142	573
575	563	562
575	240	563
575	239	240
576	575	562
576	93	239
576	562	108
576	239	575
577	576	108
577	549	93
577	93	576
578	128	219
579	262	165
579	165	166
579	166	167
580	579	167
580	260	262
580	164	260
580	167	164
580	262	579
581	130	131
581	131	293
581	293	292
582	581	292
582	129	130
582	290	129
582	292	290
582	130	581
583	442	346
584	14	269
584	269	583
585	583	346
585	544	118
585	346	544
585	584	583
586	585	118
586	584	585
586	271	584
587	586	118
588	587	418
588	586	587
588	271	586
589	271	588
590	588	418
590	272	419
590	418	272
590	589	588
590	419	589
591	584	271
591	271	589
591	14	584
592	272	418
592	418	587
593	592	443
593	272	592
594	593	181
595	10	594
596	594	181
596	595	594
596	221	595
597	360	10
597	352	360
597	10	595
598	595	221
598	597	595
598	352	597
599	598	221
599	221	9
600	599	9
600	9	375
600	375	8
601	16	334
601	9	221
601	334	9
601	221	596
602	598	599
602	352	598
603	464	352
603	0	464
603	352	602
604	0	603
599	600	602
605	604	603
605	603	602
605	8	604
605	600	8
605	602	600
606	589	419
606	419	12
606	273	589
607	12	274
607	606	12
607	13	273
607	274	13
607	273	606
608	587	118
608	118	525
608	592	587
608	443	592
609	608	525
609	20	526
609	525	20
609	443	608
610	420	272
610	359	420
610	10	359
610	594	10
610	272	593
610	593	594
611	355	147
611	147	145
611	357	355
612	611	145
612	357	611
612	286	357
612	96	286
613	281	59
613	77	281
613	145	77
613	612	145
613	96	612
614	560	423
614	88	436
614	423	88
614	74	560
614	436	74
615	320	303
615	18	320
616	18	615
617	15	456
617	365	616
618	615	303
618	427	15
618	303	427
618	616	615
619	618	15
619	15	617
619	616	618
619	617	616
620	367	97
620	119	72
620	97	119
621	620	72
621	367	620
621	54	367
622	499	497
622	497	54
622	54	621
623	397	270
623	17	397
624	623	270
624	270	14
625	624	533
625	623	624
625	531	17
625	17	623
626	625	533
626	531	625
627	626	533
627	13	532
627	534	13
627	532	626
628	626	532
628	231	531
628	531	626
629	628	532
629	174	231
629	535	174
629	532	535
629	231	628
630	253	250
630	252	253
630	251	252
631	251	630
632	108	562
632	631	630
632	109	631
633	630	250
633	632	630
633	108	632
634	633	250
634	250	112
634	108	633
635	577	108
635	108	634
636	635	70
636	549	577
636	577	635
637	636	70
637	48	549
637	549	636
638	53	35
638	294	48
638	48	637
639	638	35
639	327	294
639	30	327
639	294	638
641	81	53
641	638	637
641	53	638
642	639	35
643	642	35
643	35	136
643	640	642
643	137	640
644	503	61
644	76	503
644	136	76
644	643	136
644	61	137
644	137	643
645	640	137
646	645	137
646	507	141
646	61	507
646	137	61
647	330	23
647	23	645
648	642	640
648	639	642
648	30	639
649	23	329
649	328	30
649	329	328
649	30	648
650	648	640
650	645	23
650	640	645
650	649	648
650	23	649
651	456	452
651	617	456
651	365	617
652	651	452
652	448	114
652	455	448
652	458	455
652	452	458
652	114	651
653	410	171
653	50	410
654	483	50
654	488	483
654	50	653
655	653	171
655	224	226
655	171	224
656	655	226
656	488	654
656	172	488
656	226	172
656	653	655
656	654	653
657	647	333
657	330	647
658	657	333
659	657	658
659	20	330
659	330	657
660	658	566
660	16	331
660	332	16
660	566	332
660	659	658
660	331	659
661	634	112
661	635	634
661	70	635
662	81	641
662	637	70
662	641	637
662	70	661
663	662	661
663	661	112
663	81	662
664	659	331
664	526	20
664	20	659
665	664	331
665	331	16
665	526	664
666	665	16
666	601	596
666	16	601
666	596	181
667	263	253
667	265	263
667	264	265
667	253	113
667	113	264
668	332	566
669	668	518
669	228	466
669	332	668
669	466	332
670	235	236
670	236	58
670	234	235
670	481	234
670	58	481
671	215	87
671	578	215
671	408	128
671	87	408
671	128	578
672	624	14
672	627	533
672	534	627
672	533	624
673	672	14
673	14	591
673	534	672
674	673	591
674	589	273
674	591	589
674	534	673
674	273	534
675	361	362
675	362	267
675	148	361
675	266	148
675	267	266
676	265	71
676	257	265
676	259	257
676	71	258
676	258	259
677	559	377
677	42	559
678	377	277
678	677	377
678	228	276
678	277	228
678	276	677
679	261	262
679	259	82
679	82	261
680	287	288
680	288	44
680	286	287
680	357	286
680	44	357
681	366	85
681	158	160
681	160	366
682	681	85
682	496	102
682	85	496
682	158	681
682	102	158
683	546	247
683	431	299
683	247	431
683	435	546
684	683	299
684	300	435
684	218	300
684	299	218
684	435	683
685	291	289
685	289	287
685	292	291
686	685	287
686	287	286
686	292	685
686	290	292
687	686	286
687	286	96
687	290	686
688	687	96
688	75	129
688	290	687
688	129	290
689	688	96
689	613	59
689	96	613
690	689	59
690	342	75
690	688	689
690	75	688
691	690	59
691	59	282
691	342	690
691	43	342
692	282	283
692	691	282
692	283	31
692	43	691
693	31	345
693	692	31
693	344	43
693	345	344
693	43	692
694	350	120
694	121	350
694	120	37
694	353	121
694	37	353
695	387	45
695	386	387
695	369	368
695	45	369
695	368	386
696	609	526
696	593	443
696	181	593
696	443	609
697	696	526
697	666	181
697	665	666
697	526	665
697	181	696
698	645	646
698	647	645
698	646	141
698	333	647
699	698	141
699	333	698
700	699	138
700	333	699
700	658	333
700	566	658
701	700	138
701	566	700
701	668	566
702	701	138
702	668	701
702	518	668
703	699	141
703	508	275
703	141	508
703	138	699
704	703	275
704	702	138
704	138	703
705	704	275
705	518	702
705	702	704
706	705	275
706	677	276
706	42	677
706	275	42
707	706	276
707	518	705
707	705	706
708	707	276
708	669	518
708	228	669
708	276	228
708	518	707
709	270	268
709	269	270
709	268	117
709	583	269
709	442	583
709	117	442
710	553	364
710	557	178
710	411	557
710	178	553
711	710	364
711	18	616
711	364	18
711	411	710
712	616	365
712	711	616
712	411	711
713	712	365
713	557	411
713	558	557
713	412	558
713	411	712
714	713	365
714	114	412
714	651	114
714	365	651
714	412	713
715	249	73
715	490	95
715	491	490
715	95	249
716	715	73
716	49	491
716	476	49
716	73	476
716	491	715
717	262	260
717	679	262
717	257	259
717	259	679
718	717	260
718	257	717
719	718	260
719	571	81
719	164	571
719	260	164
719	81	663
720	663	112
720	719	663
720	718	719
720	263	257
720	112	263
720	257	718
721	621	72
721	67	47
721	94	67
721	72	94
722	721	47
722	47	499
722	621	721
722	622	621
722	499	622
723	564	109
723	563	564
723	632	562
723	109	632
723	562	563
724	440	117
724	390	440
724	389	390
724	268	370
724	117	268
724	370	389
727	726	725
727	215	578
727	217	215
728	725	84
728	216	217
728	84	216
728	727	725
728	217	727
729	727	578
729	6	726
729	219	6
729	578	219
729	726	727

